图片尺寸: (3543, 3543, 4)
总像素数: 12552849
唯一颜色数量: 4252

前30种颜色 (RGB):
  1. RGB(0, 0, 0)
  2. RGB(0, 0, 0)
  3. RGB(0, 0, 0)
  4. RGB(0, 0, 0)
  5. RGB(0, 0, 0)
  6. RGB(0, 0, 0)
  7. RGB(0, 0, 0)
  8. RGB(0, 0, 0)
  9. RGB(0, 0, 0)
  10. RGB(0, 0, 0)
  11. RGB(0, 0, 0)
  12. RGB(0, 0, 0)
  13. RGB(0, 0, 0)
  14. RGB(0, 0, 0)
  15. RGB(0, 0, 0)
  16. RGB(0, 0, 0)
  17. RGB(0, 0, 0)
  18. RGB(0, 0, 0)
  19. RGB(0, 0, 0)
  20. RGB(0, 0, 0)
  21. RGB(0, 0, 0)
  22. RGB(0, 0, 0)
  23. RGB(0, 0, 0)
  24. RGB(0, 0, 0)
  25. RGB(0, 0, 0)
  26. RGB(0, 0, 0)
  27. RGB(0, 0, 0)
  28. RGB(0, 0, 0)
  29. RGB(0, 0, 0)
  30. RGB(0, 0, 0)

已保存 4252 个纯色色块到: C:\Users\ADMIN/Desktop/color_blocks_3
